0.7934         0         0    0.6088
0.7934         0         0    0.6087
0.7936         0         0    0.6084
0.7940         0         0    0.6080
0.7945         0         0    0.6073
0.7951         0         0    0.6065
0.7959         0         0    0.6055
0.7968         0         0    0.6043
0.7979         0         0    0.6028
0.7992         0         0    0.6011
0.8006         0         0    0.5992
0.8022         0         0    0.5970
0.8041         0         0    0.5945
0.8062         0         0    0.5917
0.8085         0         0    0.5885
0.8111         0         0    0.5849
0.8140         0         0    0.5809
0.8172         0         0    0.5764
0.8207         0         0    0.5713
0.8247         0         0    0.5656
0.8291         0         0    0.5591
0.8340         0         0    0.5518
0.8395         0         0    0.5434
0.8456         0         0    0.5339
0.8524         0         0    0.5229
0.8600         0         0    0.5103
0.8685         0         0    0.4956
0.8781         0         0    0.4785
0.8888         0         0    0.4584
0.9006         0         0    0.4346
0.9138         0         0    0.4062
0.9281         0         0    0.3724
0.9433         0         0    0.3319
0.9590         0         0    0.2836
0.9740         0         0    0.2266
0.9870         0         0    0.1610
0.9961         0         0    0.0878
1.0000         0         0    0.0099
0.9976         0         0   -0.0686
0.9897         0         0   -0.1433
0.9775         0         0   -0.2110
0.9628         0         0   -0.2702
0.9472         0         0   -0.3206
0.9318         0         0   -0.3629
0.9172         0         0   -0.3983
0.9038         0         0   -0.4279
0.8916         0         0   -0.4528
0.8806         0         0   -0.4738
0.8708         0         0   -0.4916
0.8620         0         0   -0.5068
0.8542         0         0   -0.5200
0.8472         0         0   -0.5313
0.8409         0         0   -0.5412
0.8353         0         0   -0.5498
0.8303         0         0   -0.5574
0.8257         0         0   -0.5640
0.8217         0         0   -0.5699
0.8180         0         0   -0.5752
0.8147         0         0   -0.5798
0.8118         0         0   -0.5840
0.8091         0         0   -0.5876
0.8067         0         0   -0.5909
0.8046         0         0   -0.5938
0.8027         0         0   -0.5964
0.8010         0         0   -0.5987
0.7995         0         0   -0.6007
0.7982         0         0   -0.6024
0.7971         0         0   -0.6039
0.7961         0         0   -0.6052
0.7953         0         0   -0.6063
0.7946         0         0   -0.6071
0.7941         0         0   -0.6078
0.7937         0         0   -0.6083
0.7935         0         0   -0.6086
0.7934         0         0   -0.6088
0.7934         0         0   -0.6087
0.7936         0         0   -0.6085
0.7939         0         0   -0.6081
0.7943         0         0   -0.6075
0.7949         0         0   -0.6067
0.7957         0         0   -0.6058
0.7965         0         0   -0.6046
0.7976         0         0   -0.6032
0.7988         0         0   -0.6016
0.8002         0         0   -0.5997
0.8018         0         0   -0.5976
0.8036         0         0   -0.5951
0.8056         0         0   -0.5924
0.8079         0         0   -0.5893
0.8104         0         0   -0.5859
0.8132         0         0   -0.5820
0.8163         0         0   -0.5776
0.8198         0         0   -0.5726
0.8237         0         0   -0.5671
0.8279         0         0   -0.5608
0.8327         0         0   -0.5537
0.8380         0         0   -0.5456
0.8440         0         0   -0.5364
0.8506         0         0   -0.5258
0.8580         0         0   -0.5136